2
200
64.08 64.08 89.55
64.16 64.16 89.1
64.24 64.24 88.65
64.32 64.32 88.2
64.4 64.4 87.75
64.48 64.48 87.3
64.56 64.56 86.85
64.64 64.64 86.4
64.72 64.72 85.95
64.8 64.8 85.5
64.88 64.88 85.05
64.96 64.96 84.6
65.04 65.04 84.15
65.12 65.12 83.7
65.2 65.2 83.25
65.28 65.28 82.8
65.36 65.36 82.35
65.44 65.44 81.9
65.52 65.52 81.45
65.6 65.6 81
65.68 65.68 80.55
65.76 65.76 80.1
65.84 65.84 79.65
65.92 65.92 79.2
66 66 78.75
66.08 66.08 78.3
66.16 66.16 77.85
66.24 66.24 77.4
66.32 66.32 76.95
66.4 66.4 76.5
66.48 66.48 76.05
66.56 66.56 75.6
66.64 66.64 75.15
66.72 66.72 74.7
66.8 66.8 74.25
66.88 66.88 73.8
66.96 66.96 73.35
67.04 67.04 72.9
67.12 67.12 72.45
67.2 67.2 72
67.28 67.28 71.55
67.36 67.36 71.1
67.44 67.44 70.65
67.52 67.52 70.2
67.6 67.6 69.75
67.68 67.68 69.3
67.76 67.76 68.85
67.84 67.84 68.4
67.92 67.92 67.95
68 68 67.5
68.08 68.08 67.05
68.16 68.16 66.6
68.24 68.24 66.15
68.32 68.32 65.7
68.4 68.4 65.25
68.48 68.48 64.8
68.56 68.56 64.35
68.64 68.64 63.9
68.72 68.72 63.45
68.8 68.8 63
68.88 68.88 62.55
68.96 68.96 62.1
69.04 69.04 61.65
69.12 69.12 61.2
69.2 69.2 60.75
69.28 69.28 60.3
69.36 69.36 59.85
69.44 69.44 59.4
69.52 69.52 58.95
69.6 69.6 58.5
69.68 69.68 58.05
69.76 69.76 57.6
69.84 69.84 57.15
69.92 69.92 56.7
70 70 56.25
70.08 70.08 55.8
70.16 70.16 55.35
70.24 70.24 54.9
70.32 70.32 54.45
70.4 70.4 54
70.48 70.48 53.55
70.56 70.56 53.1
70.64 70.64 52.65
70.72 70.72 52.2
70.8 70.8 51.75
70.88 70.88 51.3
70.96 70.96 50.85
71.04 71.04 50.4
71.12 71.12 49.95
71.2 71.2 49.5
71.28 71.28 49.05
71.36 71.36 48.6
71.44 71.44 48.15
71.52 71.52 47.7
71.6 71.6 47.25
71.68 71.68 46.8
71.76 71.76 46.35
71.84 71.84 45.9
71.92 71.92 45.45
72 72 45
72.08 72.08 44.55
72.16 72.16 44.1
72.24 72.24 43.65
72.32 72.32 43.2
72.4 72.4 42.75
72.48 72.48 42.3
72.56 72.56 41.85
72.64 72.64 41.4
72.72 72.72 40.95
72.8 72.8 40.5
72.88 72.88 40.05
72.96 72.96 39.6
73.04 73.04 39.15
73.12 73.12 38.7
73.2 73.2 38.25
73.28 73.28 37.8
73.36 73.36 37.35
73.44 73.44 36.9
73.52 73.52 36.45
73.6 73.6 36
73.68 73.68 35.55
73.76 73.76 35.1
73.84 73.84 34.65
73.92 73.92 34.2
74 74 33.75
74.08 74.08 33.3
74.16 74.16 32.85
74.24 74.24 32.4
74.32 74.32 31.95
74.4 74.4 31.5
74.48 74.48 31.05
74.56 74.56 30.6
74.64 74.64 30.15
74.72 74.72 29.7
74.8 74.8 29.25
74.88 74.88 28.8
74.96 74.96 28.35
75.04 75.04 27.9
75.12 75.12 27.45
75.2 75.2 27
75.28 75.28 26.55
75.36 75.36 26.1
75.44 75.44 25.65
75.52 75.52 25.2
75.6 75.6 24.75
75.68 75.68 24.3
75.76 75.76 23.85
75.84 75.84 23.4
75.92 75.92 22.95
76 76 22.5
76.08 76.08 22.05
76.16 76.16 21.6
76.24 76.24 21.15
76.32 76.32 20.7
76.4 76.4 20.25
76.48 76.48 19.8
76.56 76.56 19.35
76.64 76.64 18.9
76.72 76.72 18.45
76.8 76.8 18
76.88 76.88 17.55
76.96 76.96 17.1
77.04 77.04 16.65
77.12 77.12 16.2
77.2 77.2 15.75
77.28 77.28 15.3
77.36 77.36 14.85
77.44 77.44 14.4
77.52 77.52 13.95
77.6 77.6 13.5
77.68 77.68 13.05
77.76 77.76 12.6
77.84 77.84 12.15
77.92 77.92 11.7
78 78 11.25
78.08 78.08 10.8
78.16 78.16 10.35
78.24 78.24 9.9
78.32 78.32 9.45
78.4 78.4 9
78.48 78.48 8.55
78.56 78.56 8.1
78.64 78.64 7.65
78.72 78.72 7.2
78.8 78.8 6.75
78.88 78.88 6.3
78.96 78.96 5.85
79.04 79.04 5.4
79.12 79.12 4.95
79.2 79.2 4.5
79.28 79.28 4.05
79.36 79.36 3.6
79.44 79.44 3.15
79.52 79.52 2.7
79.6 79.6 2.25
79.68 79.68 1.8
79.76 79.76 1.35
79.84 79.84 0.9
79.92 79.92 0.45
80 80 -3.27616e-013
200
20.05 20.4 89.55
20.1 20.8 89.1
20.15 21.2 88.65
20.2 21.6 88.2
20.25 22 87.75
20.3 22.4 87.3
20.35 22.8 86.85
20.4 23.2 86.4
20.45 23.6 85.95
20.5 24 85.5
20.55 24.4 85.05
20.6 24.8 84.6
20.65 25.2 84.15
20.7 25.6 83.7
20.75 26 83.25
20.8 26.4 82.8
20.85 26.8 82.35
20.9 27.2 81.9
20.95 27.6 81.45
21 28 81
21.05 28.4 80.55
21.1 28.8 80.1
21.15 29.2 79.65
21.2 29.6 79.2
21.25 30 78.75
21.3 30.4 78.3
21.35 30.8 77.85
21.4 31.2 77.4
21.45 31.6 76.95
21.5 32 76.5
21.55 32.4 76.05
21.6 32.8 75.6
21.65 33.2 75.15
21.7 33.6 74.7
21.75 34 74.25
21.8 34.4 73.8
21.85 34.8 73.35
21.9 35.2 72.9
21.95 35.6 72.45
22 36 72
22.05 36.4 71.55
22.1 36.8 71.1
22.15 37.2 70.65
22.2 37.6 70.2
22.25 38 69.75
22.3 38.4 69.3
22.35 38.8 68.85
22.4 39.2 68.4
22.45 39.6 67.95
22.5 40 67.5
22.55 40.4 67.05
22.6 40.8 66.6
22.65 41.2 66.15
22.7 41.6 65.7
22.75 42 65.25
22.8 42.4 64.8
22.85 42.8 64.35
22.9 43.2 63.9
22.95 43.6 63.45
23 44 63
23.05 44.4 62.55
23.1 44.8 62.1
23.15 45.2 61.65
23.2 45.6 61.2
23.25 46 60.75
23.3 46.4 60.3
23.35 46.8 59.85
23.4 47.2 59.4
23.45 47.6 58.95
23.5 48 58.5
23.55 48.4 58.05
23.6 48.8 57.6
23.65 49.2 57.15
23.7 49.6 56.7
23.75 50 56.25
23.8 50.4 55.8
23.85 50.8 55.35
23.9 51.2 54.9
23.95 51.6 54.45
24 52 54
24.05 52.4 53.55
24.1 52.8 53.1
24.15 53.2 52.65
24.2 53.6 52.2
24.25 54 51.75
24.3 54.4 51.3
24.35 54.8 50.85
24.4 55.2 50.4
24.45 55.6 49.95
24.5 56 49.5
24.55 56.4 49.05
24.6 56.8 48.6
24.65 57.2 48.15
24.7 57.6 47.7
24.75 58 47.25
24.8 58.4 46.8
24.85 58.8 46.35
24.9 59.2 45.9
24.95 59.6 45.45
25 60 45
25.05 60.4 44.55
25.1 60.8 44.1
25.15 61.2 43.65
25.2 61.6 43.2
25.25 62 42.75
25.3 62.4 42.3
25.35 62.8 41.85
25.4 63.2 41.4
25.45 63.6 40.95
25.5 64 40.5
25.55 64.4 40.05
25.6 64.8 39.6
25.65 65.2 39.15
25.7 65.6 38.7
25.75 66 38.25
25.8 66.4 37.8
25.85 66.8 37.35
25.9 67.2 36.9
25.95 67.6 36.45
26 68 36
26.05 68.4 35.55
26.1 68.8 35.1
26.15 69.2 34.65
26.2 69.6 34.2
26.25 70 33.75
26.3 70.4 33.3
26.35 70.8 32.85
26.4 71.2 32.4
26.45 71.6 31.95
26.5 72 31.5
26.55 72.4 31.05
26.6 72.8 30.6
26.65 73.2 30.15
26.7 73.6 29.7
26.75 74 29.25
26.8 74.4 28.8
26.85 74.8 28.35
26.9 75.2 27.9
26.95 75.6 27.45
27 76 27
27.05 76.4 26.55
27.1 76.8 26.1
27.15 77.2 25.65
27.2 77.6 25.2
27.25 78 24.75
27.3 78.4 24.3
27.35 78.8 23.85
27.4 79.2 23.4
27.45 79.6 22.95
27.5 80 22.5
27.55 80.4 22.05
27.6 80.8 21.6
27.65 81.2 21.15
27.7 81.6 20.7
27.75 82 20.25
27.8 82.4 19.8
27.85 82.8 19.35
27.9 83.2 18.9
27.95 83.6 18.45
28 84 18
28.05 84.4 17.55
28.1 84.8 17.1
28.15 85.2 16.65
28.2 85.6 16.2
28.25 86 15.75
28.3 86.4 15.3
28.35 86.8 14.85
28.4 87.2 14.4
28.45 87.6 13.95
28.5 88 13.5
28.55 88.4 13.05
28.6 88.8 12.6
28.65 89.2 12.15
28.7 89.6 11.7
28.75 90 11.25
28.8 90.4 10.8
28.85 90.8 10.35
28.9 91.2 9.9
28.95 91.6 9.45
29 92 9
29.05 92.4 8.55
29.1 92.8 8.1
29.15 93.2 7.65
29.2 93.6 7.2
29.25 94 6.75
29.3 94.4 6.3
29.35 94.8 5.85
29.4 95.2 5.4
29.45 95.6 4.95
29.5 96 4.5
29.55 96.4 4.05
29.6 96.8 3.6
29.65 97.2 3.15
29.7 97.6 2.7
29.75 98 2.25
29.8 98.4 1.8
29.85 98.8 1.35
29.9 99.2 0.9
29.95 99.6 0.45
30 100 -3.27616e-013
